1 18 48 72.129071041
1 18 49 71.1044634945
1 18 50 68.8773889064
1 18 51 69.0958110075
1 18 52 66.848531853
1 18 53 67.0501776926
1 18 54 66.2004626324
1 18 55 67.3822047085
1 18 56 63.6589873813
1 18 57 66.2898678658
1 18 58 62.6732028461
1 18 59 68.1138714894
1 18 60 66.9031818549
1 18 61 69.5756182185
1 18 62 70.9807083775
4 4 1 5.34677490965
4 4 3 5.43412979607
4 4 5 5.3713353048
4 4 7 5.43798154576
4 4 9 5.43872414904
4 4 11 5.36098204492
4 4 13 5.32577105079
4 4 15 5.40465054081
4 4 17 5.07771467578
4 4 19 5.20174740209
4 4 21 5.13595959557
4 4 23 5.12133250255
4 4 25 5.04694454582
4 4 27 5.18270287252
4 4 29 5.10945794418
4 4 31 5.07487793602
4 5 1 5.22978527696
4 5 3 5.26343233179
4 5 5 5.13090867956
4 5 7 5.22721780675
4 5 9 5.15644033114
4 5 11 5.2275132705
4 5 13 5.18952362054
4 5 15 5.17843944801
4 5 17 5.11169685998
4 5 19 5.01687687367
4 5 23 5.03786109929
4 6 1 5.3831843414
4 6 3 5.30476610401
4 6 5 5.19101605734
4 6 7 5.21116179915
4 6 9 5.19353775541
4 6 11 5.18546707334
4 6 13 5.19764605797
4 6 15 5.26052632567
4 6 17 6.1482593145
4 6 19 6.06380401068
4 6 21 5.97932162384
4 6 23 6.07156870656
4 6 25 5.84120706441
4 6 27 5.74379853457
4 6 29 5.8521775383
4 6 31 5.7624615456
4 7 1 5.17952573226
4 7 3 5.23745374712
4 7 5 5.25788220955
4 7 7 5.18422974745
4 7 9 5.14923656859
4 7 11 5.28339108403
4 7 13 5.24290536635
4 7 15 5.31058137548
4 7 17 5.27422830122
4 7 19 5.16972437188
4 7 21 5.23247560322
4 7 23 5.24379359084
4 7 25 5.26058534104
4 7 27 5.23256405234
4 7 29 5.38813248751
4 7 31 5.35361129203
4 8 1 5.38007321937
4 8 3 5.42527455061
4 8 5 5.49397781196
4 8 7 5.44248435339
4 8 9 5.56503472399
4 8 11 5.49678996796
4 8 13 5.5077319221
4 8 15 5.56128694095
4 9 1 5.36989543066
4 9 3 5.33461087873
4 9 5 5.32379932906
4 9 7 5.43100993692
4 9 9 5.42937247476
4 9 11 5.37377430238
4 9 13 5.33280669023
4 9 15 5.52370365369
4 9 17 5.51125223274
4 9 19 5.52382866599
4 9 21 5.45069917185
4 9 23 5.63107749453
4 9 25 5.43705649538
4 9 27 5.51741210499
4 9 29 5.47120876429
4 9 31 5.54089094768
4 10 1 5.44238802394
4 10 3 5.35265256154
4 10 5 5.40483060269
4 10 7 5.44434696422
4 10 9 5.40461215815
4 10 11 5.48186999336
4 10 13 5.29408505873
4 10 15 5.50835161361
4 10 17 5.2931966841
4 10 19 5.1792045031
4 10 21 5.37819916329
4 10 23 5.29497235307
4 10 25 5.31783023077
4 10 27 5.35499912522
4 10 29 5.40232155316
4 10 31 5.31905204066
4 11 17 5.1109187025
4 11 19 5.17555281864
4 11 21 5.02621745585
4 11 23 5.00902425236
4 11 25 5.10778773651
4 11 27 5.11865676052
4 11 29 5.15640355889
4 11 31 5.07838599493
4 12 1 5.11429172421
4 12 3 5.20031095688
4 12 5 5.09390582823
4 12 7 5.27921042035
4 12 9 5.2294639208
4 12 11 5.17757360414
4 12 13 5.19162250677
4 12 15 5.32274819679
5 6 13 5.00580015068
5 13 17 5.0825907769
5 13 25 5.03930440051
5 13 27 5.04907967377
5 13 29 5.01951441273
5 13 31 5.19456117708
5 15 1 5.00631986606
5 15 5 5.05252243642
5 15 17 5.07115042578
5 15 23 5.02878386151
5 17 3 5.00230041445
5 17 5 5.04109776058
5 17 7 5.00104764649
5 18 1 5.50910947407
5 18 3 5.39342771829
5 18 5 5.41161691399
5 18 7 5.43415674229
5 18 9 5.3328922061
5 18 11 5.39677866042
5 18 13 5.35183363996
5 18 15 5.37288715928
5 18 19 5.00648941651
5 18 21 5.01242080571
5 18 23 5.0045473789
5 18 27 5.0301561398
5 18 29 5.04107275832
5 18 31 5.01138585451
6 9 0 82.2369433837
6 9 2 84.097253826
6 9 4 84.0345154096
6 9 6 85.0932744853
6 9 8 86.0766819975
6 9 10 85.1154442298
6 9 12 84.0144603811
6 9 14 86.3469620598
6 9 24 84.879514921
6 10 22 83.4632415795
6 10 24 82.8679243997
6 10 26 82.7380158138
6 10 28 83.0043118973
6 10 30 83.5111659209
6 11 14 79.9015743438
6 11 16 80.3370830599
6 11 18 81.7738425462
6 11 20 83.6164667441
6 11 22 83.3599860086
6 11 24 82.0199976386
6 11 26 83.5529701153
6 11 28 84.3617153426
6 11 30 83.0899276814
6 12 0 78.7751963032
6 12 2 82.8439704214
6 12 4 80.2869646079
6 12 6 81.3417166613
6 12 8 83.428793044
6 12 10 81.3719697432
6 12 12 81.9497906663
6 12 14 83.6860898824
6 12 16 81.7930211487
6 12 18 82.079723936
6 12 20 82.6093806004
6 12 22 83.8687153087
6 12 24 80.8903745081
6 12 26 83.8563912095
6 12 28 83.4220180393
6 12 30 80.8236620264
7 4 0 79.1939611108
7 4 2 80.1191350494
7 4 4 80.2999611971
7 4 6 80.4526960307
7 5 0 79.1271947415
7 5 4 79.7506602962
7 5 24 78.0213654402
7 5 26 78.1251962806
7 5 28 77.9543669685
7 5 30 79.786285754
7 10 0 81.3815837069
7 10 30 84.2061837619
7 11 30 72.930014406
8 17 47 37.0712586141
8 17 48 38.9916518583
9 14 47 75.3429952558
9 16 0 78.2374193993
9 16 2 73.8219093009
9 16 4 74.4915630137
9 16 6 72.6262033437
9 16 8 70.4147553967
9 16 10 71.6813289179
9 16 12 72.9832843001
9 16 14 70.9169301254
9 16 16 67.4212934301
9 16 18 70.7486347537
9 16 19 77.9921123056
9 16 20 71.3237511892
9 16 22 70.1112689656
9 16 24 70.0606993187
9 16 26 71.458825407
9 16 28 73.6486198759
9 16 30 75.1071196849
