1 8 32 0.472522306011
1 8 33 0.244964763671
1 8 34 0.270276822057
1 8 35 0.484932077167
1 8 36 0.428799240702
1 8 37 0.274380661013
1 8 38 0.287680784526
1 8 39 0.248275096152
1 8 40 0.447669115262
1 8 41 0.432332043973
1 8 42 0.388332412899
1 8 43 0.465551227976
1 8 44 0.265295609785
1 8 45 0.291665637611
1 8 46 0.249157009567
1 8 47 0.264930100611
1 8 48 0.49150229523
1 8 49 0.336434931318
1 8 50 0.385917950887
1 8 51 0.485217686418
1 8 52 0.394828768904
1 8 53 0.373452579947
1 8 54 0.245867886099
1 8 55 0.307201517441
1 8 56 0.404622682815
1 8 57 0.442559374439
1 8 58 0.313065294988
1 8 59 0.478328816812
1 8 60 0.327991034643
1 8 61 0.265739944899
1 8 62 0.378740868131
1 8 63 0.49201544301
1 17 0 0.344142614536
1 17 1 0.309009164561
1 17 2 0.476397463907
1 17 3 0.415078929649
1 17 4 0.385622314265
1 17 5 0.460826074277
1 17 6 0.493906545154
1 17 7 0.497429456827
1 17 8 0.491773996767
1 17 9 0.380816505613
1 17 10 0.470718002914
1 17 11 0.347042657936
1 17 12 0.301493406652
1 17 13 0.352820757667
1 17 14 0.490299232863
1 17 15 0.493790229619
1 17 16 0.496537240568
1 17 17 0.307137589343
1 17 18 0.492635849897
1 17 19 0.434388919524
1 17 20 0.465242100474
1 17 21 0.346733288541
1 17 22 0.328749922115
1 17 23 0.386606077811
1 17 24 0.496880045666
1 17 25 0.492813838406
1 17 26 0.365961361462
1 17 27 0.36291210703
1 17 28 0.495771006496
1 17 29 0.462920526031
1 17 30 0.342775472498
1 17 31 0.487576990026
1 18 0 0.416319764695
1 18 1 0.32094596034
1 18 2 0.489167804124
1 18 3 0.345290209894
1 18 4 0.309263675355
1 18 5 0.342140244672
1 18 6 0.456051985035
1 18 7 0.401683411318
1 18 8 0.46262735712
1 18 9 0.493609796006
1 18 10 0.363336155449
1 18 11 0.340006950476
1 18 12 0.287024976036
1 18 13 0.48627718946
1 18 14 0.396434466615
1 18 15 0.44473765456
1 18 16 0.415896198117
1 18 17 0.343489352127
1 18 18 0.486144944358
1 18 19 0.388415569788
1 18 20 0.320134864953
1 18 21 0.321719227297
1 18 22 0.426022899856
1 18 23 0.473621117487
1 18 24 0.318477291699
1 18 25 0.458055695483
1 18 26 0.494716163887
1 18 27 0.36676767161
1 18 28 0.432873088525
1 18 29 0.289410467586
1 18 30 0.456002032048
1 18 31 0.335469667401
1 18 32 0.31881322853
1 18 33 0.481723991675
1 18 34 0.454712173172
1 18 35 0.427726714429
1 18 36 0.325135224772
1 18 37 0.412387421158
1 18 38 0.317024607068
1 18 39 0.416984010044
1 18 40 0.329927867935
1 18 41 0.435725824863
1 18 42 0.49427446376
1 18 43 0.330351136341
1 18 44 0.365991899151
1 18 45 0.403641191242
1 18 46 0.491176452597
1 18 47 0.420047986223
1 18 48 0.30811586579
1 18 49 0.456125798552
1 18 50 0.352249230442
1 18 51 0.372841579242
1 18 52 0.307657320324
1 18 53 0.396583964436
1 18 54 0.328287418954
1 18 55 0.376545694113
1 18 56 0.488840003302
1 18 57 0.320547599196
1 18 58 0.492158032039
1 18 59 0.338612902201
1 18 60 0.327664495284
1 18 61 0.310035321198
1 18 62 0.430679442154
1 18 63 0.461506903278
7 18 34 0.457530379488
9 5 0 0.337604467404
9 5 1 0.490509422162
9 5 2 0.373809246344
9 5 3 0.48937019886
9 5 4 0.303005831861
9 5 5 0.297996858257
9 5 6 0.494319406632
9 5 7 0.452025620169
9 5 8 0.328176409156
9 5 9 0.406471142048
9 5 10 0.371586973675
9 5 11 0.494174398043
9 5 12 0.312456003459
9 5 13 0.487051589321
9 5 14 0.459641754225
9 5 15 0.465911385886
9 5 16 0.460611543118
9 5 17 0.428905445493
9 5 18 0.440963066928
9 5 19 0.483717201648
9 5 20 0.384095622303
9 5 21 0.479781624736
9 5 22 0.34381135695
9 5 23 0.380742526223
9 5 24 0.477710065207
9 5 25 0.463658874019
9 5 26 0.481753639192
9 5 27 0.407070358349
9 5 28 0.421313862092
9 5 29 0.326907766991
9 5 30 0.425254022831
9 5 31 0.411546149189
9 5 32 0.240847063369
9 5 33 0.417584575941
9 5 34 0.405977528964
9 5 35 0.434452411851
9 5 36 0.22950237
9 5 37 0.226848400614
9 5 38 0.48118858518
9 5 39 0.336472510589
9 5 40 0.241687630242
9 5 41 0.244410901309
9 5 42 0.486093835258
9 5 43 0.491885998227
9 5 44 0.271338718941
9 5 45 0.312590577368
9 5 46 0.260133339201
9 5 47 0.25441486475
9 5 48 0.351124859686
9 5 49 0.359988752048
9 5 50 0.482838428157
9 5 51 0.432112472867
9 5 52 0.464927613138
9 5 53 0.334989917565
9 5 54 0.29398991753
9 5 55 0.48338780011
9 5 56 0.479629014376
9 5 57 0.287107351247
9 5 58 0.272051886893
9 5 59 0.401432709113
9 5 60 0.486180041998
9 5 61 0.466553227435
9 5 62 0.357634377519
9 5 63 0.491587212498
9 6 0 0.437409604268
9 6 1 0.324814295346
9 6 2 0.490405432406
9 6 3 0.433204036572
9 6 4 0.320702055272
9 6 5 0.472006470439
9 6 6 0.314218051531
9 6 7 0.458775842642
9 6 8 0.307960125059
9 6 9 0.467424384017
9 6 10 0.348063844223
9 6 11 0.356624474787
9 6 12 0.296598937743
9 6 13 0.29690577988
9 6 14 0.39757685971
9 6 15 0.472394711749
9 6 16 0.394889993172
9 6 17 0.458911437562
9 6 18 0.49386764795
9 6 19 0.494944717798
9 6 20 0.463638095707
9 6 21 0.443841841006
9 6 22 0.453596558359
9 6 23 0.489327639898
9 6 24 0.493118117963
9 6 25 0.387876691943
9 6 26 0.371307650131
9 6 27 0.434927474429
9 6 28 0.38805103648
9 6 29 0.492854776798
9 6 30 0.297214193733
9 6 31 0.485974016939
9 6 32 0.491216753401
9 6 33 0.493120639452
9 6 34 0.419386075264
9 6 35 0.374285535003
9 6 36 0.482170972676
9 6 37 0.420217642846
9 6 38 0.336279190746
9 6 39 0.305780523195
9 6 40 0.44369412621
9 6 41 0.340460666169
9 6 42 0.383309253604
9 6 43 0.365779825486
9 6 44 0.312916104458
9 6 45 0.48031655008
9 6 46 0.417183143816
9 6 47 0.463411406158
9 6 48 0.434447376288
9 6 49 0.493189767994
9 6 50 0.490905635638
9 6 51 0.325888107918
9 6 52 0.368395331288
9 6 53 0.360786290924
9 6 54 0.444552503138
9 6 55 0.353873049973
9 6 56 0.485116470526
9 6 57 0.370276643906
9 6 58 0.359825657081
9 6 59 0.426628425414
9 6 60 0.496154547786
9 6 61 0.491099835841
9 6 62 0.422740363517
9 6 63 0.344154272706
