1 8 1 5.04948157717
1 8 2 5.07527497803
1 8 3 5.05229102848
1 8 4 5.10749783133
1 8 5 5.13055105294
1 8 6 5.11955107375
1 8 7 5.16351649411
1 8 8 5.07120886203
1 8 9 5.10415359722
1 8 10 5.03387110529
1 8 11 5.10966567008
1 8 12 5.15107819996
1 8 13 5.25413479798
1 8 14 5.34288782675
1 8 15 5.13486543734
1 8 22 5.00103955245
1 8 24 5.03749862106
1 8 26 5.02379945207
1 8 27 5.04806457166
1 8 30 5.02605888415
1 9 2 5.01111991476
1 9 12 5.00655129099
1 9 16 5.27295321983
1 9 17 5.26878661366
1 9 18 5.3437708405
1 9 19 5.18160886999
1 9 20 5.30132918681
1 9 21 5.11453641681
1 9 22 5.29165751863
1 9 23 5.27566257703
1 9 24 5.32791956514
1 9 25 5.29299226012
1 9 26 5.24742709829
1 9 27 5.23711366014
1 9 28 5.26222259701
1 9 29 5.21475742177
1 9 30 5.20114916961
1 9 31 5.11167079114
1 9 55 5.00541781413
1 9 59 5.02728663285
1 10 33 5.11713381497
1 10 34 5.11883187186
1 10 35 5.11483584111
1 10 36 5.17289974031
1 10 37 5.19931430586
1 10 38 5.16414699133
1 10 39 5.06934534943
1 10 40 5.0776347575
1 10 42 5.11757124654
1 10 43 5.07619783083
1 10 44 5.07714767872
1 10 46 5.07947075762
1 10 47 5.05014660549
1 13 1 5.08775832764
1 13 2 5.19064472939
1 13 3 5.13931407867
1 13 4 5.08538212101
1 13 5 5.0952340931
1 13 6 5.04563689543
1 13 7 5.13966932158
1 13 8 5.04738071779
1 13 9 5.00013410375
1 13 10 5.10724649576
1 13 11 5.05924181984
1 13 14 5.07887884688
1 13 18 5.00366296676
1 15 19 5.06945622143
1 15 31 5.00952896204
1 17 6 5.06520496496
1 17 7 5.02545408903
1 17 12 5.00503512457
1 17 13 5.04483320489
1 17 14 5.05185734629
1 17 15 5.08522870538
1 18 48 72.3626128497
1 18 49 72.0716076399
1 18 50 69.0960547085
1 18 51 73.0050063087
1 18 52 65.7496078793
1 18 53 66.0973113733
1 18 54 67.1633054108
1 18 55 68.3577499119
1 18 56 65.3261822753
1 18 57 64.2971353805
1 18 58 65.5137343228
1 18 59 64.2625873279
1 18 60 68.0567933793
1 18 61 68.4177741526
1 18 62 71.1862637232
2 14 28 5.0089516772
2 18 0 5.10557598734
2 18 2 5.04386380669
2 18 4 5.01558392597
2 18 6 5.02543457848
2 18 8 5.06059098968
4 4 1 6.13311912647
4 4 3 6.22684821871
4 4 5 6.23490667822
4 4 7 6.17977534461
4 4 9 6.18515025127
4 4 11 6.20817637103
4 4 13 6.08785290474
4 4 15 6.26926284199
4 4 17 5.78696584008
4 4 19 5.92906896624
4 4 21 5.81673654856
4 4 23 5.82130971216
4 4 25 5.82079472471
4 4 27 5.85159361245
4 4 29 5.82288956885
4 4 31 5.81460355855
4 5 1 5.90190376828
4 5 3 6.05938669137
4 5 5 5.98167252637
4 5 7 6.00982505438
4 5 9 5.96208572499
4 5 11 5.98572315629
4 5 13 6.02294597499
4 5 15 5.99718073875
4 5 17 5.74494063552
4 5 19 5.79215506992
4 5 21 5.67340699231
4 5 23 5.70246824436
4 5 25 5.64447785079
4 5 27 5.63899826263
4 5 29 5.59574621841
4 5 31 5.57669182374
4 6 1 6.11809868832
4 6 3 6.14087955151
4 6 5 5.95338184215
4 6 7 6.11212698427
4 6 9 6.06558552015
4 6 11 5.99851814262
4 6 13 5.93216189615
4 6 15 6.00591182871
4 6 17 7.11840495396
4 6 19 7.06580008861
4 6 21 7.0343396164
4 6 23 6.94509892964
4 6 25 6.82626970418
4 6 27 6.69508339453
4 6 29 6.68968431482
4 6 31 6.66553513226
4 7 1 5.86083840316
4 7 3 5.97650914341
4 7 5 5.97917316058
4 7 7 5.97422748484
4 7 9 5.90807513571
4 7 11 6.11124051788
4 7 13 6.10132787462
4 7 15 6.125348646
4 7 17 5.96369787529
4 7 19 5.97254584873
4 7 21 5.89287574066
4 7 23 6.00795893149
4 7 25 6.00606279186
4 7 27 6.07821049798
4 7 29 6.15692288963
4 7 31 6.08357801795
4 8 1 6.14885278702
4 8 3 6.33299332423
4 8 5 6.19649041575
4 8 7 6.26138688517
4 8 9 6.32499103056
4 8 11 6.35402460774
4 8 13 6.35623999766
4 8 15 6.42947571841
4 8 17 5.42314420206
4 8 19 5.52266531096
4 8 21 5.31280762547
4 8 23 5.37437249133
4 8 25 5.36134574219
4 8 27 5.37461048347
4 8 29 5.30834332051
4 8 31 5.31723704076
4 9 1 6.05364127975
4 9 3 6.12877770559
4 9 5 6.13898390308
4 9 7 6.17619639985
4 9 9 6.09280203147
4 9 11 6.1898015342
4 9 13 6.21882249696
4 9 15 6.30808456838
4 9 17 6.29636791768
4 9 19 6.35366031536
4 9 21 6.27688780246
4 9 23 6.44622259237
4 9 25 6.26646340374
4 9 27 6.34827688213
4 9 29 6.27821890147
4 9 31 6.38878149016
4 10 1 6.09661049737
4 10 3 6.06959479123
4 10 5 6.08868749528
4 10 7 6.11495071581
4 10 9 6.07594758725
4 10 11 6.2583618512
4 10 13 6.12522052694
4 10 15 6.33734256928
4 10 17 6.02135963883
4 10 19 5.95456629486
4 10 21 6.02039489009
4 10 23 6.14673929799
4 10 25 6.09357132749
4 10 27 6.04523928955
4 10 29 6.08801743974
4 10 31 6.00624508397
4 11 1 5.47632531512
4 11 3 5.38163851108
4 11 5 5.41221860092
4 11 7 5.34773005487
4 11 9 5.41652381632
4 11 11 5.41485420318
4 11 13 5.44473296047
4 11 15 5.49958710982
4 11 17 5.72835258509
4 11 19 5.7011369621
4 11 21 5.66507162529
4 11 23 5.61417133324
4 11 25 5.67519552662
4 11 27 5.74849640702
4 11 29 5.72014794352
4 11 31 5.79721775482
4 12 1 5.79280375254
4 12 3 5.78558800252
4 12 5 5.74330844964
4 12 7 5.88130701707
4 12 9 5.90823831422
4 12 11 5.96111878697
4 12 13 6.00709707758
4 12 15 6.10676938048
4 12 17 5.40805698698
4 12 19 5.3106105352
4 12 21 5.31338110902
4 12 23 5.32007962249
4 12 25 5.36683609132
4 12 27 5.39122362754
4 12 29 5.43928637361
4 12 31 5.45857467599
4 14 17 5.08980936665
4 14 19 5.29168651346
4 14 21 5.14274630998
4 14 23 5.22981262893
4 14 25 5.21534724729
4 14 27 5.3584785409
4 14 29 5.2118886369
4 14 31 5.28267921643
5 4 1 5.07020747435
5 4 3 5.07678673777
5 4 9 5.03033477063
5 4 11 5.06342421225
5 4 13 5.10839776408
5 4 15 5.06729055625
5 5 1 5.36200841692
5 5 3 5.37542904023
5 5 5 5.34353842612
5 5 7 5.34371757814
5 5 9 5.20961278827
5 5 11 5.42516537442
5 5 13 5.41014003016
5 5 15 5.36935276296
5 5 17 5.4309825436
5 5 19 5.52936732683
5 5 21 5.42696552409
5 5 23 5.49179498457
5 5 25 5.42445281925
5 5 27 5.45613123844
5 5 29 5.46235337889
5 5 31 5.43224199873
5 6 1 5.40440288814
5 6 3 5.43736381364
5 6 5 5.46865180947
5 6 7 5.39760833685
5 6 9 5.43061110554
5 6 11 5.43173973484
5 6 13 5.43501793731
5 6 15 5.54098446926
5 6 17 5.4577350087
5 6 19 5.41163757837
5 6 21 5.47492856749
5 6 23 5.52583860562
5 6 25 5.36711596671
5 6 27 5.39031568108
5 6 29 5.4655531859
5 6 31 5.35924961256
5 7 3 5.04812076189
5 7 5 5.1759929143
5 7 9 5.17711910354
5 7 11 5.04704926749
5 7 13 5.03172402925
5 7 15 5.06015654866
5 7 17 5.21217331525
5 7 19 5.1709346415
5 7 21 5.15344441325
5 7 23 5.20580932273
5 7 25 5.30551488758
5 7 27 5.17597489188
5 7 29 5.11184479491
5 7 31 5.29164215569
5 9 1 5.01105988218
5 9 17 5.10680284999
5 9 19 5.07081179484
5 9 21 5.07104082759
5 9 23 5.13431357504
5 9 25 5.05065372033
5 9 27 5.01851918489
5 9 29 5.12009340874
5 9 31 5.19127116658
5 13 17 5.63564741469
5 13 19 5.66552230819
5 13 21 5.59517879319
5 13 23 5.50500217029
5 13 25 5.58040855537
5 13 27 5.61534166943
5 13 29 5.66468843471
5 13 31 5.92570495475
5 14 1 5.21677791021
5 14 3 5.24942445019
5 14 5 5.2599487817
5 14 7 5.29194398831
5 14 9 5.18932158136
5 14 11 5.29938172685
5 14 13 5.25852677996
5 14 15 5.23784382784
5 14 17 5.48820141082
5 14 19 5.38593054429
5 14 21 5.50120351824
5 14 23 5.3729245425
5 14 25 5.52675153088
5 14 27 5.36019646757
5 14 29 5.52977414082
5 14 31 5.45215494546
5 15 1 5.57822841536
5 15 3 5.54903881762
5 15 5 5.52752499673
5 15 7 5.60895773185
5 15 9 5.53639599479
5 15 11 5.51108191181
5 15 13 5.56159702435
5 15 15 5.68826544488
5 15 17 5.70832696018
5 15 19 5.63442759311
5 15 21 5.56098592743
5 15 23 5.70002677547
5 15 25 5.57377738441
5 15 27 5.4998274907
5 15 29 5.53087694966
5 15 31 5.52913278983
5 16 1 5.33084399777
5 16 3 5.23707885261
5 16 5 5.34410929262
5 16 7 5.30942256141
5 16 9 5.36184834412
5 16 11 5.34467654506
5 16 13 5.32098096106
5 16 15 5.29545060937
5 16 17 5.28195106948
5 16 19 5.23503413249
5 16 21 5.23985831674
5 16 23 5.29554538871
5 16 25 5.2515715964
5 16 27 5.25078187943
5 16 29 5.24453347804
5 16 31 5.27656145271
5 17 1 5.58726985012
5 17 3 5.64069366428
5 17 5 5.63863822164
5 17 7 5.68229251424
5 17 9 5.57929919703
5 17 11 5.50799781654
5 17 13 5.41235527992
5 17 15 5.41578139459
5 17 17 5.04303278899
5 17 19 5.16972201198
5 17 21 5.07596035681
5 17 23 5.1043866806
5 17 27 5.04569747499
5 17 29 5.03559708179
5 17 31 5.09933409619
5 18 1 6.22228023951
5 18 3 6.32564868733
5 18 5 6.20906667406
5 18 7 6.26661418898
5 18 9 6.1438436575
5 18 11 6.14158022765
5 18 13 6.23088360341
5 18 15 6.18143458083
5 18 17 5.62406548812
5 18 19 5.62880779725
5 18 21 5.56465651131
5 18 23 5.69142645422
5 18 25 5.65649519258
5 18 27 5.64135330441
5 18 29 5.66428253945
5 18 31 5.66400953747
6 9 0 81.1840277603
6 9 2 85.6930527769
6 9 4 82.1568839222
6 9 6 83.477847649
6 9 10 82.8961570153
6 9 12 83.8164687219
6 9 14 84.3503130351
6 9 24 83.6262647231
6 10 22 83.3296270322
6 10 24 84.1331005613
6 10 26 82.6498976196
6 10 28 83.1841874483
6 10 30 80.9968186451
6 11 16 80.591652328
6 11 22 7.24562092957
6 11 24 82.1929840302
6 11 26 80.0574451716
6 11 28 82.4759362326
6 11 30 87.210981061
6 12 0 77.6889313155
6 12 2 83.3916183244
6 12 4 82.8179659893
6 12 6 83.2408811399
6 12 10 80.9104768049
6 12 14 82.1941699278
6 12 16 79.7392511996
6 12 18 82.8122349631
6 12 20 82.1684692041
6 12 22 83.0769829694
6 12 24 83.0731206633
6 12 26 82.7974158754
6 12 28 80.9960876418
6 12 30 83.3002226901
6 14 1 5.22591718784
6 14 3 5.20634000747
6 14 5 5.16906656527
6 14 7 5.25604729572
6 14 9 5.25300169679
6 14 11 5.25286745342
6 14 13 5.23035149878
6 14 15 5.2922109474
6 14 17 5.15692337671
6 14 19 5.2467696871
6 14 21 5.1637386193
6 14 23 5.21861484282
6 14 25 5.15593709382
6 14 27 5.10957911355
6 14 29 5.11574062168
6 14 31 5.24393591459
6 15 17 5.28139074519
6 15 19 5.29544053033
6 15 21 5.32197359372
6 15 23 5.28578123736
6 15 25 5.2059714993
6 15 27 5.23844194141
6 15 29 5.19877458751
6 15 31 5.18014333025
6 16 1 5.01551108569
6 16 3 5.08657272359
6 16 5 5.01413478644
6 16 7 5.04893464976
6 16 9 5.00781191434
6 16 11 5.03974471064
6 16 13 5.08398319425
6 16 15 5.11135271125
6 17 7 5.10410217348
6 17 19 5.09221902737
6 17 21 5.07414284346
6 17 25 5.03401815639
6 17 31 5.04096113031
6 18 1 5.44261048397
6 18 3 5.29561104568
6 18 5 5.42089784365
6 18 7 5.2844746446
6 18 9 5.26502386226
6 18 11 5.37481918364
6 18 13 5.34372810246
6 18 15 5.41789692951
6 18 17 5.22143608911
6 18 19 5.15923416451
6 18 21 5.2202409748
6 18 23 5.20184588225
6 18 25 5.09097919492
6 18 27 5.11433842822
6 18 29 5.12762493255
6 18 31 5.16342506151
7 4 0 79.645978697
7 4 2 79.2500148279
7 4 4 79.7732755181
7 4 6 82.8435900928
7 5 0 79.4896023352
7 5 24 79.3289524073
7 5 26 76.6660353037
7 5 28 79.2177877268
7 5 30 79.5682289653
7 10 30 82.3761526093
7 11 30 73.5810109194
8 15 18 7.23755042347
8 15 22 6.98205204601
8 15 27 16.544539772
8 15 29 6.93534512381
8 16 7 6.96903260596
8 16 9 6.66443211238
8 16 17 5.032222421
8 17 20 5.76474218055
8 17 31 8.33747858909
8 17 41 12.1876200925
8 17 47 10.4255943582
8 17 48 13.5584228913
8 18 17 7.47217284639
8 18 18 6.53340893514
8 18 22 6.99188685062
8 18 24 6.00344229278
8 18 31 7.32811551701
8 18 35 11.8755411908
8 18 37 7.05220507859
9 14 47 75.958644083
9 16 0 78.5400094269
9 16 2 75.4417515031
9 16 4 74.0403745718
9 16 6 71.8991325761
9 16 8 71.3692797854
9 16 10 71.9825158965
9 16 12 70.6049775968
9 16 14 73.1447206725
9 16 16 67.8470067325
9 16 18 69.4139091901
9 16 19 72.4696958157
9 16 20 71.642166054
9 16 22 70.0211500249
9 16 24 70.8479325348
9 16 26 71.6047424105
9 16 28 73.1387376682
9 16 30 74.1402856533
