1 9 18 5.02458703745
1 18 48 72.4418030399
1 18 49 71.7356820788
1 18 50 68.9605197864
1 18 51 69.6032972476
1 18 52 66.7690045582
1 18 53 64.7922285046
1 18 54 65.3382945893
1 18 55 67.2631104506
1 18 56 65.1537339327
1 18 57 65.1608495544
1 18 58 64.8797985355
1 18 59 66.1379178466
1 18 60 67.39746761
1 18 61 68.3456619374
1 18 62 72.610903987
2 18 1 76.1664735061
4 4 1 5.58400287258
4 4 3 5.57809540166
4 4 5 5.5596686914
4 4 7 5.64190878171
4 4 9 5.59239442098
4 4 11 5.64101642853
4 4 13 5.61021770408
4 4 15 5.6450059942
4 4 17 5.3557241268
4 4 19 5.34092041499
4 4 21 5.25858292798
4 4 23 5.30847659228
4 4 25 5.3187271274
4 4 27 5.29138075421
4 4 29 5.31954141887
4 4 31 5.2229643955
4 5 1 5.43075563555
4 5 3 5.48314285324
4 5 5 5.36277683198
4 5 7 5.48629240341
4 5 9 5.38932930701
4 5 11 5.42351706761
4 5 13 5.45447511783
4 5 15 5.47365609556
4 5 17 5.20016750464
4 5 19 5.23592535056
4 5 21 5.05511715548
4 5 23 5.23726230681
4 5 25 5.06543977007
4 5 27 5.15313991423
4 5 29 5.12493173083
4 5 31 5.16247921475
4 6 1 5.66308522407
4 6 3 5.54926657001
4 6 5 5.5361997653
4 6 7 5.46266969782
4 6 9 5.52614865377
4 6 11 5.47967909336
4 6 13 5.46153175976
4 6 15 5.52241978465
4 6 17 6.50108244413
4 6 19 6.4197095012
4 6 21 6.34989120358
4 6 23 6.24527412725
4 6 25 6.07668831196
4 6 27 6.08101311841
4 6 29 6.11091626103
4 6 31 5.97414542912
4 7 1 5.344505245
4 7 3 5.43954224642
4 7 5 5.50185929852
4 7 7 5.41578762941
4 7 9 5.35293855596
4 7 11 5.55802135742
4 7 13 5.48589676853
4 7 15 5.60839367921
4 7 17 5.48361022694
4 7 19 5.45596486664
4 7 21 5.38956564188
4 7 23 5.46587792981
4 7 25 5.43113598553
4 7 27 5.47606113133
4 7 29 5.58403182452
4 7 31 5.63389706068
4 8 1 5.50632230208
4 8 3 5.66006917228
4 8 5 5.6860952523
4 8 7 5.63404802466
4 8 9 5.76431167087
4 8 11 5.76701850413
4 8 13 5.79244963668
4 8 15 5.84689766774
4 9 1 5.55867617894
4 9 3 5.55831855515
4 9 5 5.56282733549
4 9 7 5.63780215028
4 9 9 5.56467303563
4 9 11 5.64259535168
4 9 13 5.51942769578
4 9 15 5.70589208329
4 9 17 5.74260353762
4 9 19 5.79826796758
4 9 21 5.68483592365
4 9 23 5.85826974514
4 9 25 5.70486396695
4 9 27 5.70021413816
4 9 29 5.74199177592
4 9 31 5.81303174824
4 10 1 5.59031399039
4 10 3 5.58000524082
4 10 5 5.61611059106
4 10 7 5.60105913872
4 10 9 5.66426771384
4 10 11 5.68257804978
4 10 13 5.58058541943
4 10 15 5.71781471223
4 10 17 5.44939233442
4 10 19 5.45058319154
4 10 21 5.55335288131
4 10 23 5.68226658203
4 10 25 5.54779634768
4 10 27 5.58968185997
4 10 29 5.58218630698
4 10 31 5.48375866786
4 11 1 5.06199205734
4 11 3 5.02387065164
4 11 5 5.04371558471
4 11 9 5.03263760722
4 11 11 5.14897816792
4 11 13 5.1284215038
4 11 15 5.08726188863
4 11 17 5.30711301704
4 11 19 5.24324803712
4 11 21 5.3049325546
4 11 23 5.1563465642
4 11 25 5.25509939354
4 11 27 5.30613787577
4 11 29 5.40051392313
4 11 31 5.2863805634
4 12 1 5.34184070864
4 12 3 5.41728615789
4 12 5 5.37135769254
4 12 7 5.48119960134
4 12 9 5.52108830908
4 12 11 5.40235419783
4 12 13 5.54146825448
4 12 15 5.54817379756
4 12 17 5.04371153848
4 12 19 5.0363264139
4 12 21 5.02766124044
4 12 23 5.00448394452
4 12 25 5.03896566503
4 12 29 5.10659291834
4 12 31 5.07288826237
5 5 7 5.01400623007
5 5 11 5.00136815646
5 5 17 5.03698359385
5 5 19 5.06573146163
5 5 21 5.00013152236
5 5 23 5.07224007765
5 5 25 5.02916018462
5 5 27 5.02948473311
5 5 29 5.01125813694
5 6 1 5.00440815996
5 6 5 5.07384521582
5 6 15 5.020648327
5 6 17 5.00441044051
5 6 19 5.02061749907
5 6 23 5.01084949997
5 13 17 5.17909772353
5 13 19 5.20751392479
5 13 21 5.10864448069
5 13 23 5.09485867142
5 13 25 5.15644475752
5 13 27 5.10742677517
5 13 29 5.1931759304
5 13 31 5.38367260216
5 14 17 5.05630171282
5 14 21 5.0705463176
5 14 23 5.10983725903
5 14 25 5.08345796606
5 14 27 5.12517807273
5 14 29 5.12066701809
5 14 31 5.02422633399
5 15 1 5.11488870025
5 15 3 5.16325778067
5 15 5 5.11969842012
5 15 7 5.12011375457
5 15 9 5.03537727315
5 15 11 5.02105678709
5 15 13 5.07144983972
5 15 15 5.15834635604
5 15 17 5.13027824131
5 15 19 5.12578149381
5 15 21 5.14328634242
5 15 23 5.11562307906
5 15 25 5.15915784709
5 15 27 5.0774826451
5 15 29 5.01246300846
5 15 31 5.04571209127
5 17 1 5.05113445967
5 17 3 5.12516385782
5 17 5 5.22043584918
5 17 7 5.16450107061
5 17 9 5.1310957258
5 17 11 5.06370243293
5 17 13 5.05463479865
5 17 15 5.01127749551
5 18 1 5.69669563732
5 18 3 5.66075074238
5 18 5 5.58516033721
5 18 7 5.64060487504
5 18 9 5.57033298316
5 18 11 5.61137010033
5 18 13 5.60991151293
5 18 15 5.59217602899
5 18 17 5.11864608481
5 18 19 5.16776643007
5 18 21 5.04225410239
5 18 23 5.15523456597
5 18 25 5.13755152305
5 18 27 5.10086956259
5 18 29 5.21760606495
5 18 31 5.14670277133
6 9 0 82.9597597213
6 9 2 86.5247311549
6 9 4 87.452055606
6 9 6 86.476769091
6 9 10 87.5288099636
6 9 12 85.9269908946
6 9 14 85.540424671
6 9 24 84.2874558959
6 10 16 76.5885044017
6 10 22 84.9226595456
6 10 24 82.3114871124
6 10 26 81.6640677824
6 10 28 81.90187155
6 10 30 82.4456514732
6 11 16 80.2080031546
6 11 22 91.7127273603
6 11 24 82.5706197955
6 11 26 83.2484097447
6 11 28 84.1152160698
6 11 30 85.0933633477
6 12 0 79.9746539443
6 12 2 83.0820546043
6 12 4 83.0324591553
6 12 6 82.124075126
6 12 10 81.9709005915
6 12 14 82.4310159697
6 12 16 82.1077777933
6 12 18 81.8850189295
6 12 20 83.8234083925
6 12 22 82.9167810888
6 12 24 80.1092326772
6 12 26 82.0882534963
6 12 28 83.5068230895
6 12 30 81.8623060963
6 18 1 5.08822956607
6 18 3 5.0645346586
6 18 5 5.08660592225
6 18 11 5.05079826317
6 18 13 5.00537318404
6 18 15 5.15543512915
7 4 0 79.1120377831
7 4 2 82.187393166
7 4 4 81.2966810617
7 4 6 83.0298776257
7 5 0 78.6572324369
7 5 24 79.1541274851
7 5 26 77.4159846449
7 5 28 80.5584726077
7 5 30 80.1128760125
7 10 30 83.8813654016
7 11 30 78.9854729592
8 17 47 38.1656287468
8 17 48 40.0333508864
9 14 47 81.088682042
9 16 0 78.3155811537
9 16 2 75.5572170464
9 16 4 74.404233746
9 16 6 72.102707949
9 16 8 71.2190706901
9 16 10 70.4569096855
9 16 12 72.5349406528
9 16 14 70.8503771307
9 16 16 68.5258947787
9 16 18 70.7760753472
9 16 19 64.9673517092
9 16 20 72.4230747653
9 16 22 71.5789635371
9 16 24 69.1616252917
9 16 26 71.2158824785
9 16 28 73.5827597828
9 16 30 74.0341143024
