1 18 48 72.5145985315
1 18 49 73.2428800829
1 18 50 68.9400268148
1 18 51 69.373372793
1 18 52 65.935633714
1 18 53 68.3589161524
1 18 54 66.8741820921
1 18 55 67.983042917
1 18 56 66.6781397145
1 18 57 65.8557409671
1 18 58 67.7154953876
1 18 59 67.7059260727
1 18 60 66.7890835642
1 18 61 69.8995101138
1 18 62 72.3405094098
4 4 1 5.54321167081
4 4 3 5.46709657042
4 4 5 5.47458394817
4 4 7 5.55535975336
4 4 9 5.52096427393
4 4 11 5.52986544075
4 4 13 5.4450543549
4 4 15 5.51881866103
4 4 17 5.17401835544
4 4 19 5.24766996358
4 4 21 5.28060528966
4 4 23 5.24062238962
4 4 25 5.18515512954
4 4 27 5.23435026075
4 4 29 5.15993682362
4 4 31 5.22347089436
4 5 1 5.30717667163
4 5 3 5.35115046801
4 5 5 5.2313518986
4 5 7 5.32710885337
4 5 9 5.28222860397
4 5 11 5.29222896484
4 5 13 5.32185185523
4 5 15 5.2669408949
4 5 17 5.14509864208
4 5 19 5.14187740425
4 5 21 5.03812104215
4 5 23 5.10435245926
4 5 25 5.04791903302
4 5 27 5.11481369947
4 5 29 5.01096160306
4 5 31 5.10605296643
4 6 1 5.47198834299
4 6 3 5.42487666065
4 6 5 5.34967314316
4 6 7 5.37174966289
4 6 9 5.36976963809
4 6 11 5.33812581075
4 6 13 5.3248959047
4 6 15 5.37690505147
4 6 17 6.3231553341
4 6 19 6.20434808919
4 6 21 6.13054558066
4 6 23 6.09395149558
4 6 25 5.97924320599
4 6 27 5.92557368732
4 6 29 5.92398161537
4 6 31 5.96686245909
4 7 1 5.18201271333
4 7 3 5.32259351107
4 7 5 5.35948387644
4 7 7 5.2810202399
4 7 9 5.29083424819
4 7 11 5.38832564248
4 7 13 5.4194075121
4 7 15 5.44062602356
4 7 17 5.35010633286
4 7 19 5.34794429953
4 7 21 5.32837237887
4 7 23 5.33560098747
4 7 25 5.34377869159
4 7 27 5.4186517978
4 7 29 5.42670311221
4 7 31 5.4685828897
4 8 1 5.4442968164
4 8 3 5.56921099775
4 8 5 5.55539696412
4 8 7 5.58494760481
4 8 9 5.64075885926
4 8 11 5.71102064744
4 8 13 5.71444159479
4 8 15 5.66951154767
4 9 1 5.47096251416
4 9 3 5.50849446362
4 9 5 5.51725731808
4 9 7 5.55143482379
4 9 9 5.47673526615
4 9 11 5.56273238173
4 9 13 5.45501043088
4 9 15 5.56241059872
4 9 17 5.63087619032
4 9 19 5.69989959986
4 9 21 5.57556199795
4 9 23 5.71275107062
4 9 25 5.5926084744
4 9 27 5.59226316748
4 9 29 5.62206630063
4 9 31 5.68996119009
4 10 1 5.55214987844
4 10 3 5.46343868112
4 10 5 5.60488104527
4 10 7 5.48624492798
4 10 9 5.51300724417
4 10 11 5.62880378935
4 10 13 5.40920261326
4 10 15 5.67611650276
4 10 17 5.42340899427
4 10 19 5.36431403408
4 10 21 5.43886443019
4 10 23 5.50772302188
4 10 25 5.4369394822
4 10 27 5.44919837861
4 10 29 5.45942288528
4 10 31 5.37658439153
4 11 11 5.02499611316
4 11 13 5.04626147877
4 11 17 5.26345080254
4 11 19 5.20905204194
4 11 21 5.17633254824
4 11 23 5.07239189902
4 11 25 5.16194803556
4 11 27 5.21954675623
4 11 29 5.27898588795
4 11 31 5.22986368795
4 12 1 5.15737407577
4 12 3 5.29631576676
4 12 5 5.22590021322
4 12 7 5.33563966517
4 12 9 5.40358508868
4 12 11 5.33154733139
4 12 13 5.36687841543
4 12 15 5.47041940398
4 12 29 5.01093621443
5 6 5 5.00923568424
5 13 17 5.06537131022
5 13 19 5.16547630322
5 13 21 5.02321476851
5 13 23 5.02003289502
5 13 25 5.02548154594
5 13 29 5.12620788513
5 13 31 5.31451274186
5 14 17 5.00367491869
5 14 23 5.01900865514
5 15 1 5.08695217985
5 15 5 5.08599561804
5 15 7 5.07490901911
5 15 9 5.01448921381
5 15 13 5.03790630476
5 15 15 5.05758081821
5 15 17 5.09472814458
5 15 19 5.12743367725
5 15 21 5.0272315115
5 15 23 5.09954379902
5 15 25 5.04526926947
5 15 27 5.03664655147
5 15 31 5.02946773976
5 17 1 5.02242085831
5 17 3 5.04870756606
5 17 5 5.10704355011
5 17 7 5.1133942444
5 17 9 5.04521956851
5 17 11 5.01786118716
5 18 1 5.60033333309
5 18 3 5.57923338209
5 18 5 5.49472835414
5 18 7 5.51481714782
5 18 9 5.47721100598
5 18 11 5.49355362832
5 18 13 5.54343109436
5 18 15 5.4828342867
5 18 17 5.05539860141
5 18 19 5.04294561804
5 18 21 5.09467758938
5 18 23 5.12836488999
5 18 25 5.08081440418
5 18 27 5.03680936887
5 18 29 5.02138780331
5 18 31 5.05188763203
6 9 0 82.2116702383
6 9 2 83.5611263049
6 9 4 84.8667950211
6 9 6 83.3740559503
6 9 10 85.072274654
6 9 12 84.566614785
6 9 14 84.5161263918
6 9 24 82.2648710965
6 10 22 84.528979184
6 10 24 82.7756380709
6 10 26 83.1238438882
6 10 28 83.8332835658
6 10 30 83.291606125
6 11 16 79.0206683713
6 11 22 36.6558449479
6 11 24 83.3338119762
6 11 26 82.4931854111
6 11 28 84.1489367443
6 11 30 83.6445792445
6 12 0 79.9390363981
6 12 2 81.3009477258
6 12 4 81.327808819
6 12 6 81.6199333259
6 12 10 81.3413935326
6 12 14 83.8436348722
6 12 16 82.1084595879
6 12 18 81.3094581993
6 12 20 82.7577191804
6 12 22 83.6715652183
6 12 24 81.5845693152
6 12 26 82.4876677899
6 12 28 83.2757596999
6 12 30 83.5640746488
7 4 0 79.9685383064
7 4 2 80.3650730022
7 4 4 80.0271877609
7 4 6 81.4792361023
7 5 0 80.3285357365
7 5 24 80.0149186078
7 5 26 78.4682696721
7 5 28 79.2915464045
7 5 30 80.5261578262
7 10 30 82.924933264
7 11 30 72.2023318671
8 17 47 37.2899146972
8 17 48 39.0403253717
9 14 47 74.5034965096
9 16 0 78.9105732039
9 16 2 74.3594258542
9 16 4 74.3636899767
9 16 6 72.1159349814
9 16 8 70.1492727809
9 16 10 69.2985731588
9 16 12 71.3176817544
9 16 14 73.6632536885
9 16 16 68.2083862836
9 16 18 69.8825414193
9 16 19 82.8392304752
9 16 20 70.9507593179
9 16 22 69.7547331844
9 16 24 69.424971362
9 16 26 72.1502276144
9 16 28 72.4423505753
9 16 30 72.9644563947
