1 9 18 5.02674919235
1 18 48 69.7105040649
1 18 49 71.366359419
1 18 50 68.2241062582
1 18 51 71.5314911262
1 18 52 67.0180389521
1 18 53 67.0073905433
1 18 54 65.9877167382
1 18 55 67.4401511342
1 18 56 64.225222952
1 18 57 65.243378585
1 18 58 65.5324828954
1 18 59 68.2012031517
1 18 60 67.269240119
1 18 61 68.7301189186
1 18 62 71.482945471
4 4 1 5.54232321466
4 4 3 5.59584495912
4 4 5 5.52103041719
4 4 7 5.58880914676
4 4 9 5.64977802984
4 4 11 5.57823888662
4 4 13 5.49808954795
4 4 15 5.65068670203
4 4 17 5.27639248775
4 4 19 5.36534680123
4 4 21 5.3126812139
4 4 23 5.33705940475
4 4 25 5.2108793816
4 4 27 5.25355132426
4 4 29 5.30408769632
4 4 31 5.30838018438
4 5 1 5.3804712319
4 5 3 5.38843772417
4 5 5 5.36996095004
4 5 7 5.451684915
4 5 9 5.3608774111
4 5 11 5.41723560297
4 5 13 5.44321353268
4 5 15 5.4452424257
4 5 17 5.23687101786
4 5 19 5.25818912768
4 5 21 5.0977119369
4 5 23 5.19449022217
4 5 25 5.12987009678
4 5 27 5.14032150655
4 5 29 5.09049735216
4 5 31 5.21575333746
4 6 1 5.62616640826
4 6 3 5.53541349581
4 6 5 5.38229814373
4 6 7 5.42581611389
4 6 9 5.4249524434
4 6 11 5.45736803197
4 6 13 5.38688804771
4 6 15 5.48531765001
4 6 17 6.38369927242
4 6 19 6.32923987327
4 6 21 6.24847315171
4 6 23 6.17949071578
4 6 25 6.05450532259
4 6 27 6.08622468688
4 6 29 6.02874422383
4 6 31 5.97354432421
4 7 1 5.34225147676
4 7 3 5.45474655659
4 7 5 5.48362900093
4 7 7 5.40184332193
4 7 9 5.330770501
4 7 11 5.53323734065
4 7 13 5.47408025509
4 7 15 5.55884807493
4 7 17 5.46641633124
4 7 19 5.40356447178
4 7 21 5.42197570695
4 7 23 5.3877593966
4 7 25 5.51055049232
4 7 27 5.46961382593
4 7 29 5.54063958095
4 7 31 5.55203433893
4 8 1 5.53525428326
4 8 3 5.63298712457
4 8 5 5.64227967085
4 8 7 5.61246801655
4 8 9 5.77764257727
4 8 11 5.78768800066
4 8 13 5.77752569577
4 8 15 5.71059070333
4 9 1 5.5229428219
4 9 3 5.60382579179
4 9 5 5.56469594218
4 9 7 5.66939898888
4 9 9 5.6558930019
4 9 11 5.69987603264
4 9 13 5.55418749678
4 9 15 5.68026152365
4 9 17 5.66478420061
4 9 19 5.76528399318
4 9 21 5.70288999389
4 9 23 5.8433151698
4 9 25 5.60704122276
4 9 27 5.66427752884
4 9 29 5.74715709785
4 9 31 5.79748400877
4 10 1 5.54134435392
4 10 3 5.5771029816
4 10 5 5.53081876544
4 10 7 5.64655233868
4 10 9 5.61447495979
4 10 11 5.66244801038
4 10 13 5.64990574186
4 10 15 5.82944274864
4 10 17 5.50415642785
4 10 19 5.46232212912
4 10 21 5.5460039266
4 10 23 5.6269381112
4 10 25 5.53288550795
4 10 27 5.61518649199
4 10 29 5.5137222719
4 10 31 5.4954656379
4 11 3 5.10905535341
4 11 5 5.06423125226
4 11 9 5.07518388716
4 11 11 5.10027750821
4 11 13 5.08302928458
4 11 15 5.059079044
4 11 17 5.34847465203
4 11 19 5.26978190305
4 11 21 5.28570232243
4 11 23 5.2292938974
4 11 25 5.28220743351
4 11 27 5.30830868189
4 11 29 5.39589161737
4 11 31 5.28388669095
4 12 1 5.35748942029
4 12 3 5.36365243665
4 12 5 5.3695607798
4 12 7 5.4927840758
4 12 9 5.50276846066
4 12 11 5.38635720409
4 12 13 5.50888051165
4 12 15 5.57041162194
4 12 17 5.00012087207
4 12 19 5.01961930338
4 12 23 5.01395431458
4 12 25 5.01914581213
4 12 29 5.05928989117
4 12 31 5.13706364018
5 5 17 5.01653357388
5 5 19 5.00819602367
5 6 5 5.05703471453
5 6 9 5.04095089952
5 6 11 5.03808238891
5 6 13 5.00544990564
5 6 17 5.00738004954
5 7 31 5.00407745704
5 13 17 5.15497718399
5 13 19 5.17083925675
5 13 21 5.11689240447
5 13 23 5.12477447476
5 13 25 5.08646189942
5 13 27 5.12151641552
5 13 29 5.18292829812
5 13 31 5.31513938721
5 14 19 5.00742339722
5 14 21 5.00551987399
5 14 23 5.00633811345
5 14 25 5.04942780177
5 14 27 5.04955475133
5 14 29 5.12185927665
5 15 1 5.11069696247
5 15 3 5.09718973948
5 15 5 5.12175538918
5 15 7 5.210783145
5 15 9 5.09163227459
5 15 11 5.06712033972
5 15 13 5.0883362047
5 15 15 5.1743526715
5 15 17 5.20541406304
5 15 19 5.16050337638
5 15 21 5.09738698052
5 15 23 5.1636402868
5 15 25 5.09555901029
5 15 27 5.00706462679
5 15 29 5.03670520668
5 15 31 5.08588901386
5 16 7 5.04750725504
5 17 1 5.03250166831
5 17 3 5.1356215475
5 17 5 5.1287481559
5 17 7 5.19866160822
5 17 9 5.04928272424
5 17 11 5.07095054844
5 17 15 5.05684523353
5 18 1 5.80065467479
5 18 3 5.58468628227
5 18 5 5.56716844412
5 18 7 5.56030344589
5 18 9 5.52293054501
5 18 11 5.6038790175
5 18 13 5.56309460482
5 18 15 5.61937632391
5 18 17 5.13901744742
5 18 19 5.14059597195
5 18 21 5.12470106439
5 18 23 5.19794992297
5 18 25 5.14848282477
5 18 27 5.18994984188
5 18 29 5.2303068364
5 18 31 5.17141728279
6 9 0 82.0723593231
6 9 2 85.1569582825
6 9 4 83.4561243644
6 9 6 83.55868936
6 9 10 83.7970779952
6 9 12 84.4355076949
6 9 14 84.7591595962
6 9 24 82.1238377846
6 10 22 83.6329858551
6 10 24 82.3503342288
6 10 26 82.0622839677
6 10 28 82.0861295745
6 10 30 82.4805250211
6 11 16 81.7545458107
6 11 22 31.2361802995
6 11 24 82.822624317
6 11 26 82.5988100234
6 11 28 84.198949972
6 11 30 83.9193456091
6 12 0 79.1900020446
6 12 2 82.3713456012
6 12 4 80.756682436
6 12 6 82.5949270843
6 12 10 81.1787860209
6 12 14 83.3549700815
6 12 16 80.6998068376
6 12 18 81.5114016227
6 12 20 83.2426326367
6 12 22 84.3126894909
6 12 24 80.8609256857
6 12 26 84.0110020196
6 12 28 84.6192420762
6 12 30 83.3176321838
7 4 0 76.5956287336
7 4 2 78.6178864802
7 4 4 81.5187866384
7 4 6 80.2599480389
7 5 0 77.3964190733
7 5 24 79.1636628139
7 5 26 78.3096196852
7 5 28 78.7638369785
7 5 30 78.8265103163
7 10 30 85.4137087941
7 11 30 72.7888624251
8 17 47 37.7218906235
8 17 48 39.5580010515
9 14 47 75.3224821684
9 16 0 78.9482792968
9 16 2 75.175058344
9 16 4 74.5514078838
9 16 6 72.5891550093
9 16 8 70.8840125822
9 16 10 71.371138044
9 16 12 72.6682055277
9 16 14 72.637560438
9 16 16 67.9291704536
9 16 18 70.4743877195
9 16 19 81.693155395
9 16 20 72.2235591311
9 16 22 71.677579581
9 16 24 69.5605059831
9 16 26 70.2832709453
9 16 28 72.6761774844
9 16 30 74.3085293856
