1 18 48 71.6896324217
1 18 49 73.368965472
1 18 50 69.474575449
1 18 51 70.7699564488
1 18 52 66.2112426382
1 18 53 66.8892484501
1 18 54 67.1488457144
1 18 55 68.5441079724
1 18 56 66.8107657894
1 18 57 65.9064510777
1 18 58 66.6658948536
1 18 59 67.2692595554
1 18 60 70.0982780765
1 18 61 69.4829017779
1 18 62 72.2053916802
2 18 1 73.8496802535
4 4 1 5.39584172504
4 4 3 5.41077264311
4 4 5 5.43957465635
4 4 7 5.47151966191
4 4 9 5.47063575899
4 4 11 5.46756852807
4 4 13 5.38680529978
4 4 15 5.46184472206
4 4 17 5.1800967481
4 4 19 5.22878381988
4 4 21 5.17168311273
4 4 23 5.12823744411
4 4 25 5.19164932267
4 4 27 5.17674212632
4 4 29 5.17854995793
4 4 31 5.15478916355
4 5 1 5.26939337901
4 5 3 5.20852790529
4 5 5 5.21275719058
4 5 7 5.33276556343
4 5 9 5.25120644214
4 5 11 5.20259936079
4 5 13 5.32365709249
4 5 15 5.25836951197
4 5 17 5.15983431549
4 5 19 5.0621873146
4 5 23 5.07417739647
4 5 27 5.07499703595
4 5 29 5.00940428575
4 5 31 5.02576789934
4 6 1 5.52715475269
4 6 3 5.44391114071
4 6 5 5.3298271071
4 6 7 5.40697406529
4 6 9 5.3697087837
4 6 11 5.34473744068
4 6 13 5.30740349325
4 6 15 5.41833118979
4 6 17 6.19593231998
4 6 19 6.15379884742
4 6 21 6.12580904951
4 6 23 6.06595415979
4 6 25 5.94736890204
4 6 27 5.84576181554
4 6 29 5.94736540742
4 6 31 5.87782785557
4 7 1 5.23582353271
4 7 3 5.32165907526
4 7 5 5.3608905826
4 7 7 5.22598614392
4 7 9 5.30610580447
4 7 11 5.37233067181
4 7 13 5.36360162069
4 7 15 5.39886921514
4 7 17 5.32031314123
4 7 19 5.30545550416
4 7 21 5.28102511289
4 7 23 5.34137436762
4 7 25 5.31565532534
4 7 27 5.40207912815
4 7 29 5.3767868203
4 7 31 5.45247249592
4 8 1 5.4064742051
4 8 3 5.48419125282
4 8 5 5.50168331543
4 8 7 5.53005180575
4 8 9 5.68623559613
4 8 11 5.63735023617
4 8 13 5.62132860753
4 8 15 5.60221627689
4 9 1 5.41749803518
4 9 3 5.41915064257
4 9 5 5.44108870756
4 9 7 5.50235375683
4 9 9 5.38994764723
4 9 11 5.49313853311
4 9 13 5.39389037117
4 9 15 5.50675804226
4 9 17 5.55390368185
4 9 19 5.57093246797
4 9 21 5.51467209388
4 9 23 5.66738682403
4 9 25 5.51390911936
4 9 27 5.55497365711
4 9 29 5.55192820288
4 9 31 5.61108620022
4 10 1 5.45218312038
4 10 3 5.41424389562
4 10 5 5.4873346885
4 10 7 5.44802823324
4 10 9 5.45788580437
4 10 11 5.59641632555
4 10 13 5.4783438962
4 10 15 5.58050406731
4 10 17 5.38865516255
4 10 19 5.31673716016
4 10 21 5.44739468138
4 10 23 5.44443804402
4 10 25 5.43213355469
4 10 27 5.4692203469
4 10 29 5.54532102002
4 10 31 5.33414915064
4 11 11 5.03724689823
4 11 17 5.20625757227
4 11 19 5.15763080722
4 11 21 5.20456657222
4 11 23 5.1082032977
4 11 25 5.15977096825
4 11 27 5.12969467587
4 11 29 5.27611379501
4 11 31 5.14174761046
4 12 1 5.17485214415
4 12 3 5.26597843157
4 12 5 5.1920168667
4 12 7 5.35817131614
4 12 9 5.32328861386
4 12 11 5.2648498286
4 12 13 5.32124089437
4 12 15 5.47534438664
4 12 31 5.00358841283
5 13 17 5.06300260412
5 13 19 5.08296465925
5 13 27 5.00978920835
5 13 29 5.10081036573
5 13 31 5.28095393956
5 14 25 5.00583756473
5 15 1 5.0223185953
5 15 5 5.03867566918
5 15 7 5.0101901895
5 15 11 5.01652905067
5 15 13 5.07277730861
5 15 15 5.06955758902
5 15 17 5.10551822594
5 15 19 5.01253810317
5 15 21 5.04388628941
5 15 23 5.0966278664
5 15 25 5.06398300671
5 15 27 5.02973272708
5 15 31 5.01736933988
5 17 5 5.02604374172
5 17 7 5.08849725852
5 17 9 5.05149931761
5 18 1 5.62463925208
5 18 3 5.48940386007
5 18 5 5.41266790137
5 18 7 5.42360020457
5 18 9 5.41672054755
5 18 11 5.43467935977
5 18 13 5.47308491968
5 18 15 5.4203201158
5 18 17 5.05366510984
5 18 19 5.02297735131
5 18 21 5.09446451989
5 18 23 5.1209522333
5 18 27 5.04050387335
5 18 29 5.09028943543
5 18 31 5.02241777653
6 9 0 81.9361644834
6 9 2 85.794367859
6 9 4 86.4339577072
6 9 6 86.2605277874
6 9 10 85.9589617575
6 9 12 86.7625664059
6 9 14 86.3546185278
6 9 24 83.4581459444
6 10 22 83.6911081075
6 10 24 83.2376872107
6 10 26 82.6939129516
6 10 28 85.1229649147
6 10 30 83.5345962589
6 11 15 76.9897459623
6 11 16 81.0350757796
6 11 22 43.5956126016
6 11 24 82.3742500039
6 11 26 82.4704464571
6 11 28 84.238172268
6 11 30 84.3239689054
6 12 0 80.828676263
6 12 2 81.6573001891
6 12 4 83.1760306028
6 12 6 84.0212229965
6 12 10 83.0119649975
6 12 14 85.6895092289
6 12 16 80.5176463425
6 12 18 83.3817732209
6 12 20 83.8815359029
6 12 22 83.7250802363
6 12 24 81.9083029812
6 12 26 82.808072778
6 12 28 82.5579843565
6 12 30 83.8667429956
6 18 1 5.02062280164
6 18 15 5.0218900293
7 4 0 79.0610276087
7 4 2 81.4437983554
7 4 4 81.8345856694
7 4 6 83.5605993314
7 5 0 77.8858940096
7 5 24 79.1569094649
7 5 26 80.6658975017
7 5 28 81.0735130524
7 5 30 80.5772197056
7 10 30 84.6906196123
7 11 30 77.4972150592
8 17 47 37.5808466267
8 17 48 39.2249953043
9 14 47 79.4331444605
9 16 0 79.935503882
9 16 2 73.9152151847
9 16 4 75.260451101
9 16 6 73.8303299909
9 16 8 71.3089699746
9 16 10 70.5023055478
9 16 12 71.0154947631
9 16 14 72.1276781271
9 16 16 68.6180389213
9 16 18 69.9856637256
9 16 19 75.3108857586
9 16 20 71.848097835
9 16 22 71.2947018455
9 16 24 68.4434988912
9 16 26 70.9892893866
9 16 28 73.0305746967
9 16 30 75.085285788
